Phantom Viewer ROI file
PhantomName= CUBRIC System Phantom 129-0008
Units= distances in mm, times in ms, fields in T, Temperatures in C, concentrations in mM
PhantomComment= Test setup of phantom 129-0008
B0= 3.0
Temperature= 22

NumberofROIsets= 4

ROISetName=NiArray
ROISetComment=NiCl2 array with root 2 decrease in T1
ROIColor=g
nROIs=14
Index=1, 2, 3, 4, 5, 6, 7, 8, 9, 10, 11, 12, 13, 14
Concentration=0.290, 0.600, 1.040, 1.640, 2.520, 3.680, 5.430, 7.740, 11.300, 16.500, 23.300, 32.700, 46.000, 65.300
T1=1883.96, 1330.16, 987.27, 690.08, 484.97, 341.58, 240.86, 174.95, 121.08, 85.75, 60.21, 42.89, 30.40, 21.44
T2=1489.41, 1026.78, 736.97, 521.27, 354.38, 248.03, 174.99, 126.33, 86.91, 60.86, 42.44, 30.66, 21.76, 15.30
PD=100.00, 100.00, 100.00, 100.00, 100.00, 100.00, 100.00, 100.00, 100.00, 100.00, 100.00, 100.00, 100.00, 100.00
Xcenter=0.00, 29.39, 47.55, 47.55, 29.39, 0.00, -29.39, -47.55, -47.55, -29.39, -20.00, 20.00, 20.00, -20.00
Ycenter=-56.50, -56.50, -56.50, -56.50, -56.50, -56.50, -56.50, -56.50, -56.50, -56.50, -56.50, -56.50, -56.50, -56.50
Zcenter=50.00, 40.45, 15.45, -15.45, -40.45, -50.00, -40.45, -15.45, 15.45, 40.45, 20.00, 20.00, -20.00, -20.00

ROISetName=MnArray
ROISetComment=MnCl2 array with root 2 decrease in T2
ROIColor=r
nROIs=14
Index=1, 2, 3, 4, 5, 6, 7, 8, 9, 10, 11, 12, 13, 14
Concentration=0.011, 0.018, 0.028, 0.043, 0.063, 0.093, 0.135, 0.193, 0.277, 0.428, 0.555, 0.790, 1.127, 1.600
T1=2478.18, 2185.54, 1901.28, 1549.98, 1197.57, 1026.43, 805.10, 599.96, 431.22, 292.87, 226.53, 158.17, 116.70, 82.46
T2=552.73, 379.48, 267.29, 175.05, 112.66, 88.89, 63.42, 44.24, 29.88, 19.39, 14.73, 10.52, 7.27, 5.10
PD=100.00, 100.00, 100.00, 100.00, 100.00, 100.00, 100.00, 100.00, 100.00, 100.00, 100.00, 100.00, 100.00, 100.00
Xcenter=0.00, 29.39, 47.55, 47.55, 29.39, 0.00, -29.39, -47.55, -47.55, -29.39, -20.00, 20.00, 20.00, -20.00
Ycenter=-56.50, -56.50, -56.50, -56.50, -56.50, -56.50, -56.50, -56.50, -56.50, -56.50, -56.50, -56.50, -56.50, -56.50
Zcenter=50.00, 40.45, 15.45, -15.45, -40.45, -50.00, -40.45, -15.45, 15.45, 40.45, 20.00, 20.00, -20.00, -20.00

ROISetName=PDArray
ROISetComment=D20 array 0% to 95%
ROIColor=y
nROIs=14
Index=1, 2, 3, 4, 5, 6, 7, 8, 9, 10, 11, 12, 13, 14
Concentration=100.000, 100.000, 100.000, 100.000, 100.000, 100.000, 100.000, 100.000, 100.000, 100.000, 100.000, 100.000, 100.000, 100.000
T1=200.00, 200.00, 200.00, 200.00, 200.00, 200.00, 200.00, 200.00, 200.00, 200.00, 200.00, 200.00, 200.00, 200.00
T2=100.00, 100.00, 100.00, 100.00, 100.00, 100.00, 100.00, 100.00, 100.00, 100.00, 100.00, 100.00, 100.00, 100.00
PD=5.00, 10.00, 15.00, 20.00, 25.00, 30.00, 35.00, 40.00, 50.00, 60.00, 70.00, 80.00, 90.00, 100.00
Xcenter=0.00, 29.39, 47.55, 47.55, 29.39, 0.00, -29.39, -47.55, -47.55, -29.39, -20.00, 20.00, 20.00, -20.00
Ycenter=-56.50, -56.50, -56.50, -56.50, -56.50, -56.50, -56.50, -56.50, -56.50, -56.50, -56.50, -56.50, -56.50, -56.50
Zcenter=50.00, 40.45, 15.45, -15.45, -40.45, -50.00, -40.45, -15.45, 15.45, 40.45, 20.00, 20.00, -20.00, -20.00

ROISetName=FiducialArray
ROISetComment=n x 1cm spheres on 4cm grid
ROIColor=m
nROIs=5
Index=1, 2, 3, 4, 5
Concentration=1.000, 1.000, 1.000, 1.000, 1.000
T1=100.00, 100.00, 100.00, 100.00, 100.00
T2=50.00, 50.00, 50.00, 50.00, 50.00
PD=100.00, 100.00, 100.00, 100.00, 100.00
Xcenter=  0.00, -40.00,  0.00, 40.00,  0.00
Ycenter= -40.00,-40.00,-40.00,-40.00,-40.00
Zcenter= -40.00,  0.00,  0.00,  0.00, 40.00



